1431534488,531995	1	0,042001962661743164	
1431534489,583055	4	0,3240180015563965	
1431534489,935075	2	0,29701709747314453	
1431534490,53911	7	0,942054033279419	
1431534492,793239	4	0,31401801109313965	
1431534494,497336	2	0,2980170249938965	
1431534494,798354	2	0,3960227966308594	
1431534495,951419	2	0,2950160503387451	
1431534496,255437	3	0,467026948928833	
1431534497,858529	2	1,0490601062774658	
1431534501,286725	2	0,34902000427246094	
1431534505,243951	3	0,3390190601348877	
1431534505,844985	6	0,9030508995056152	
1431534506,945048	1	0,009999990463256836	
1431534508,55414	4	0,7110400199890137	
1431534510,765267	3	1,1000628471374512	
1431534511,067284	6	1,058060884475708	
1431534512,168347	9	3,92722487449646	
1431534514,227465	2	0,345020055770874	
1431534514,881502	3	0,5050289630889893	
1431534517,937677	2	0,346019983291626	
1431534520,187806	1	0,04000282287597656	
1431534522,043912	6	0,7430429458618164	
1431534523,093972	1	0,03000187873840332	
1431534523,344986	5	5,97334098815918	
1431534525,402104	6	0,8940508365631104	
1431534526,155147	8	5,355306148529053	
1431534526,656176	9	4,504258155822754	
1431534527,309213	3	0,6530368328094482	
1431534527,96025	8	5,658322811126709	
1431534529,669348	7	5,325304985046387	
1431534530,5704	6	1,0460600852966309	
1431534531,228437	1	0,017000913619995117	
1431534532,028483	7	5,233299016952515	
1431534532,3295	8	5,2172980308532715	
1431534532,929534	3	0,6480369567871094	
1431534533,679577	6	0,5900330543518066	
1431534535,986709	5	5,373307228088379	
1431534537,998824	8	5,36730694770813	
1431534539,449907	8	5,265300989151001	
1431534540,20095	5	5,247299909591675	
1431534540,500968	3	0,7040410041809082	
1431534541,460022	3	0,8100459575653076	
1431534541,76004	5	5,60132098197937	
1431534543,917163	2	1,562088966369629	
1431534544,21818	7	6,858392000198364	
1431534544,818214	7	6,805388927459717	
1431534545,519255	5	6,800388813018799	
1431534545,920278	8	6,8703930377960205	
1431534552,299642	6	1,4100801944732666	
1431534552,900677	9	8,145465850830078	
1431534553,65372	7	7,1184070110321045	
1431534554,957794	2	0,42002391815185547	
1431534557,737953	7	9,092519998550415	
1431534559,090031	2	0,343019962310791	
1431534560,842131	3	0,28801584243774414	
1431534562,0452	3	0,33802008628845215	
1431534564,200323	9	8,557489156723022	
1431534564,85036	4	0,2960169315338135	
1431534566,151435	3	0,27301597595214844	
1431534567,055486	6	0,963054895401001	
1431534567,356504	8	10,212584972381592	
1431534567,664521	7	9,621551036834717	
1431534568,968596	1	0,018001079559326172	
1431534569,518627	7	10,880621910095215	
1431534570,725696	8	10,67261004447937	
1431534571,379734	2	0,7630441188812256	
1431534572,430794	3	0,28101611137390137	
1431534573,688866	5	10,863621950149536	
1431534574,2909	4	0,7800440788269043	
1431534574,894935	3	1,18806791305542	
1431534575,50697	8	12,296703815460205	
1431534575,812987	2	2,020116090774536	
1431534576,463024	3	1,952111005783081	
1431534577,113062	2	2,273129940032959	
1431534578,66615	6	0,841048002243042	
1431534580,183237	1	0,025001049041748047	
1431534581,2873	6	0,7030401229858398	
1431534581,887335	3	0,2980170249938965	
1431534582,33736	6	0,5500309467315674	
1431534583,596432	7	11,064631938934326	
1431534584,24647	8	11,290646076202393	
1431534584,94751	2	1,1260650157928467	
1431534589,007742	8	12,089691877365112	
1431534589,309759	5	11,99768590927124	
1431534590,209811	8	11,839676856994629	
1431534592,866963	8	12,228699922561646	
1431534593,067974	1	0,01100015640258789	
1431534593,669009	3	0,31001806259155273	
1431534596,48917	7	13,11775016784668	
1431534598,492284	8	13,84079098701477	
1431534599,443339	2	0,31801819801330566	
1431534600,995428	8	14,384823083877563	
1431534603,798588	8	14,41682505607605	
1431534604,401622	9	14,252815008163452	
1431534610,316961	8	15,77690315246582	
1431534612,794102	6	0,5880329608917236	
1431534613,647151	1	0,03300189971923828	
1431534615,003229	8	16,196927070617676	
1431534615,908281	3	0,941054105758667	
1431534616,808332	6	0,9930570125579834	
1431534617,558375	3	0,2830159664154053	
1431534618,259415	8	16,39693784713745	
1431534621,588605	6	1,700096845626831	
1431534622,89068	2	1,0570600032806396	
1431534623,490714	7	17,923025131225586	
1431534623,795732	6	1,4530830383300781	
1431534625,801846	6	0,8980510234832764	
1431534626,402881	3	0,9410538673400879	
1431534627,703955	2	1,5140860080718994	
1431534628,30399	6	1,3910799026489258	
1431534630,957141	6	0,5850329399108887	
1431534635,694412	7	19,498115062713623	
1431534639,15161	2	0,988055944442749	
1431534639,451627	9	19,620121955871582	
1431534640,052662	6	0,8430488109588623	
1431534640,304676	1	0,034002065658569336	
1431534642,762817	5	20,414167881011963	
1431534643,362851	3	0,6260359287261963	
1431534645,015945	1	0,020000934600830078	
1431534645,871994	8	21,836249113082886	
1431534646,176012	2	1,041059970855713	
1431534650,437256	2	2,7461581230163574	
1431534650,738273	5	23,30033302307129	
1431534651,38931	6	2,886164903640747	
1431534652,893396	2	3,5512030124664307	
1431534653,244416	2	3,351191997528076	
1431534653,945456	9	23,787359952926636	
1431534654,247473	8	25,08743405342102	
1431534656,848622	4	3,1461801528930664	
1431534659,007746	8	25,140438079833984	
1431534659,307763	3	3,0661749839782715	
1431534662,966972	8	24,566405057907104	
1431534663,317992	6	1,3200750350952148	
1431534663,918027	2	1,278074026107788	
1431534664,921084	2	0,8300478458404541	
1431534665,221101	9	23,75035810470581	
1431534665,823136	1	0,016000986099243164	
1431534668,194271	4	0,2980170249938965	
1431534669,498346	6	1,4800851345062256	
1431534670,4484	6	0,5820329189300537	
1431534670,749417	2	0,5410311222076416	
1431534676,308735	4	0,3110167980194092	
1431534677,566807	7	24,585406064987183	
1431534678,973888	9	24,821419954299927	
1431534679,877939	9	25,372451066970825	
1431534683,143126	6	1,1450650691986084	
1431534684,194186	2	0,3090169429779053	
1431534686,200301	7	25,25144386291504	
1431534687,905399	6	0,596034049987793	
1431534688,607439	7	25,750473022460938	
1431534689,50749	8	27,057546854019165	
1431534690,060522	6	0,598034143447876	
1431534691,310593	9	25,99548578262329	
1431534691,610611	7	26,051491022109985	
1431534693,512719	6	0,6380360126495361	
1431534695,365825	9	26,61652183532715	
1431534697,168928	9	26,217499017715454	
1431534700,278106	1	0,0260009765625	
1431534700,828138	7	26,601522207260132	
1431534701,129155	2	0,36802101135253906	
1431534704,53335	9	27,964600086212158	
1431534705,486404	6	1,947110891342163	
1431534706,138441	9	29,166668176651	
1431534708,691587	2	1,2640719413757324	
1431534708,991605	6	1,5470890998840332	
1431534710,897714	8	30,624751806259155	
1431534712,552808	7	30,263731002807617	
1431534714,812938	9	31,316792011260986	
1431534716,119012	6	1,3520770072937012	
1431534717,171072	2	1,314074993133545	
1431534718,822167	3	1,2590718269348145	
1431534719,123184	7	32,81887698173523	
1431534719,726219	8	32,73087191581726	
1431534720,63127	2	1,111063003540039	
1431534723,489434	8	33,129894971847534	
1431534724,189474	3	0,3020172119140625	
1431534729,097755	9	33,711928844451904	
1431534730,650843	9	33,96394181251526	
1431534730,953861	2	0,5120289325714111	
1431534731,953918	3	0,30501699447631836	
1431534733,059981	5	34,810991048812866	
1431534734,911087	7	35,3320209980011	
1431534736,064153	6	0,6610379219055176	
1431534736,718191	2	0,3150179386138916	
1431534740,782423	3	0,31601810455322266	
1431534741,384457	7	38,20218515396118	
1431534742,584526	9	39,038233041763306	
1431534742,885543	6	1,1580660343170166	
1431534744,885658	2	0,4760279655456543	
1431534746,191732	9	40,24230098724365	
1431534752,404088	9	41,32936406135559	
1431534753,305139	9	41,87939500808716	
1431534754,314197	2	0,616034984588623	
1431534754,930232	9	42,35142207145691	
1431534755,530267	8	42,98045897483826	
1431534755,882287	7	42,57943606376648	
1431534764,303768	3	0,6550369262695312	
1431534764,604786	2	0,7050409317016602	
1431534765,20482	7	44,64055299758911	
1431534766,557897	1	0,02000117301940918	
1431534768,258995	9	44,418540954589844	
1431534769,010038	1	0,008000850677490234	
1431534773,867315	5	45,25458812713623	
1431534774,167332	4	0,6470370292663574	
1431534775,589414	6	0,6000339984893799	
1431534775,893431	9	44,43554091453552	
1431534776,193448	3	0,3520200252532959	
1431534776,946491	5	44,86456608772278	
1431534777,347514	2	0,44602489471435547	
1431534777,648532	6	1,0050578117370605	
1431534777,998552	1	0,046003103256225586	
1431534779,250623	9	44,288532972335815	
1431534781,008724	7	44,27253198623657	
1431534784,713936	7	45,77461814880371	
1431534786,514039	6	0,5500321388244629	
1431534791,073299	2	0,27301502227783203	
1431534792,632389	2	0,8800511360168457	
1431534793,233423	5	46,67667007446289	
1431534794,683506	3	0,4430251121520996	
1431534795,888575	3	0,2950170040130615	
1431534798,200707	9	46,753674030303955	
1431534799,203764	2	0,6410360336303711	
1431534800,855859	1	0,003999948501586914	
1431534801,556899	3	0,2560150623321533	
1431534802,208936	3	0,5070290565490723	
1431534803,111988	7	48,02774715423584	
1431534803,717023	3	0,8600499629974365	
1431534805,573129	4	0,47902798652648926	
1431534806,173163	5	47,11969494819641	
1431534806,47618	6	0,5700321197509766	
1431534811,235453	3	0,6010348796844482	
1431534814,345631	8	47,238701820373535	
1431534815,147676	2	0,4760270118713379	
1431534817,473809	2	0,5970339775085449	
1431534817,82483	2	0,6950399875640869	
1431534818,992896	2	0,6170351505279541	
1431534819,895948	8	49,33282208442688	
1431534820,495982	8	49,48082995414734	
1431534820,847002	5	48,80079102516174	
1431534821,49804	3	0,7970459461212158	
1431534821,798057	8	49,73184514045715	
1431534822,699108	5	50,297876834869385	
1431534823,60216	2	1,6930968761444092	
1431534824,606217	9	50,377880811691284	
1431534826,812344	5	50,79490613937378	
1431534827,113361	9	51,06792092323303	
1431534827,766398	6	2,274129867553711	
1431534828,367433	4	1,9301109313964844	
1431534829,874519	3	1,6880970001220703	
1431534830,477553	3	1,9361097812652588	
1431534833,542729	5	51,24993181228638	
1431534835,996869	8	51,89196801185608	
1431534838,351004	9	51,84196591377258	
1431534840,856147	8	51,83896493911743	
1431534841,111161	8	51,33993601799011	
1431534841,411179	2	1,0080580711364746	
1431534842,966268	2	1,4610841274261475	
1431534843,266285	4	1,7330989837646484	
1431534844,523357	9	50,95891499519348	
1431534845,176394	5	51,28793406486511	
1431534845,476411	7	51,25893211364746	
1431534846,729483	3	1,2940738201141357	
1431534847,0305	9	50,912911891937256	
1431534847,636535	3	1,6980969905853271	
1431534848,836603	2	1,9671118259429932	
1431534849,787658	8	52,25098896026611	
1431534850,388692	4	0,40102291107177734	
1431534851,04273	2	0,4610271453857422	
1431534851,942781	9	52,56100606918335	
1431534854,243913	7	53,75307488441467	
1431534856,104019	9	53,766074895858765	
1431534857,058074	8	54,560121059417725	
1431534859,2672	6	2,0541179180145264	
1431534862,323375	7	54,97914505004883	
1431534862,678395	3	1,7471001148223877	
1431534863,579447	4	0,9540550708770752	
1431534864,781515	6	0,8530478477478027	
1431534866,382607	3	0,9870569705963135	
1431534866,683624	6	1,3020739555358887	
1431534867,988699	9	56,28421998023987	
1431534869,188767	6	0,5980339050292969	
1431534869,488785	3	0,4800279140472412	
1431534870,691853	6	0,598034143447876	
1431534873,653023	6	1,1500658988952637	
1431534876,827204	9	57,38328194618225	
1431534878,928324	8	58,73335909843445	
1431534879,231342	8	58,27833414077759	
1431534880,634422	7	57,53229117393494	
1431534885,599706	9	57,88431096076965	
1431534886,251743	2	1,1580660343170166	
1431534886,552761	2	1,1060640811920166	
1431534887,152795	2	1,2540721893310547	
1431534888,153852	9	56,48323106765747	
1431534889,153909	1	0,016000986099243164	
1431534890,20897	2	0,2760159969329834	
1431534892,213084	3	0,3150179386138916	
1431534893,117136	5	58,71435809135437	
1431534893,420153	7	58,874366998672485	
1431534894,622222	3	1,5710899829864502	
1431534897,432383	7	59,82742214202881	
1431534897,782403	8	59,18738508224487	
1431534899,738515	5	59,26338982582092	
1431534900,338549	2	0,7370419502258301	
1431534901,238601	9	60,18844294548035	
1431534901,539618	9	59,18538498878479	
1431534902,740686	5	59,953428983688354	
1431534903,341721	2	0,5290300846099854	
1431534903,644738	9	60,18744206428528	
1431534905,858865	5	61,162497997283936	
1431534907,061934	5	62,264561891555786	
1431534907,661968	7	62,20955801010132	
1431534907,961985	9	62,099552154541016	
1431534910,216114	1	0,03500199317932129	
1431534912,271232	3	0,6330368518829346	
1431534915,844436	8	64,03566288948059	
1431534916,749488	2	1,3530781269073486	
1431534920,208686	6	1,384080171585083	
1431534922,061792	5	63,70064377784729	
1431534922,161797	1	0,01700115203857422	
1431534924,913955	6	0,8300480842590332	
1431534925,563992	1	0,003999948501586914	
1431534928,368152	7	65,7617609500885	
1431534928,669169	6	0,7780439853668213	
1431534928,937185	6	0,9430539608001709	
1431534929,238202	3	0,2930169105529785	
1431534930,140254	2	0,30301809310913086	
1431534931,041305	6	0,844048023223877	
1431534931,393325	9	66,02077603340149	
1431534932,302377	7	66,09177994728088	
1431534933,808463	7	66,69681406021118	
1431534934,758518	2	0,965054988861084	
1431534935,060535	2	1,0160579681396484	
1431534935,661569	3	1,0050570964813232	
1431534935,964587	2	1,1170639991760254	
1431534939,586794	1	0,049002885818481445	
1431534942,939986	3	0,31601810455322266	
1431534944,24506	7	66,98883104324341	
1431534945,346123	2	0,4610259532928467	
1431534945,996161	7	67,73587489128113	
1431534947,047221	3	0,31401801109313965	
1431534948,25229	8	67,78887796401978	
1431534948,302292	1	0,021001100540161133	
1431534951,302464	3	0,30301690101623535	
1431534953,907613	6	0,694040060043335	
1431534955,209688	2	0,2650158405303955	
1431534956,110739	9	70,72504496574402	
1431534956,460759	2	0,3610210418701172	
1431534956,864782	1	0,002000093460083008	
1431534957,564822	6	0,6410360336303711	
1431534959,369925	5	71,23007416725159	
1431534960,674	3	0,5040290355682373	
1431534961,676057	7	72,6751561164856	
1431534962,026077	7	72,67415595054626	
1431534965,188258	2	0,8320469856262207	
1431534966,08931	2	0,32901883125305176	
1431534966,341324	1	0,03800201416015625	
1431534967,795407	6	0,5910329818725586	
1431534968,497448	3	0,30101799964904785	
1431534972,704688	5	73,37019610404968	
1431534974,054765	8	73,99023199081421	
1431534975,00582	3	0,3370189666748047	
1431534975,555851	9	73,14718389511108	
1431534976,05688	6	0,6300361156463623	
1431534976,656914	3	0,5300300121307373	
1431534977,860983	9	72,84816694259644	
1431534978,161	6	0,7250409126281738	
1431534979,012049	8	73,6792140007019	
1431534980,514135	9	73,19818687438965	
1431534981,12917	8	74,14024090766907	
1431534981,780207	8	74,34025192260742	
1431534984,948388	9	74,5732650756836	
1431534985,248406	6	1,300074815750122	
1431534985,84844	9	74,97128796577454	
1431534990,504706	6	0,5490310192108154	
1431534991,654772	6	0,6440370082855225	
1431534992,005792	6	0,5420308113098145	
1431534992,305809	9	76,81339311599731	
1431534994,655944	9	77,0484070777893	
1431534998,112141	9	77,64244103431702	
1431534998,412159	5	77,57943797111511	
1431534998,712176	9	77,3894271850586	
1431534999,919245	8	77,0394070148468	
1431535000,269265	1	0,0240018367767334	
1431535005,988592	7	77,25841879844666	
1431535007,490678	9	77,69644403457642	
1431535007,891701	9	77,7454469203949	
1431535009,897816	6	0,7980451583862305	
1431535010,49785	8	78,45448803901672	
1431535013,006993	2	0,5510311126708984	
1431535014,408073	8	76,75138902664185	
1431535015,059111	3	0,4210240840911865	
1431535016,060168	8	76,70138692855835	
1431535020,320412	6	1,0450599193572998	
1431535021,222463	4	1,3790788650512695	
1431535022,827555	8	79,4625449180603	
1431535024,078627	3	0,44002604484558105	
1431535024,728664	3	0,6830389499664307	
1431535024,985678	2	0,9050509929656982	
1431535027,189805	9	80,4886040687561	
1431535028,142859	9	80,4886040687561	
1431535029,645945	6	0,9010519981384277	
1431535029,946962	6	1,1510660648345947	
1431535033,009137	2	0,7690439224243164	
1431535034,863243	5	80,56760811805725	
1431535040,615572	1	0,02100086212158203	
1431535042,084656	9	78,75650405883789	
1431535043,53874	1	0,026001930236816406	
1431535046,395903	5	79,84756708145142	
1431535046,996937	9	80,41059899330139	
1431535048,197006	3	0,8750500679016113	
1431535049,152061	5	80,24759006500244	
1431535050,609144	7	81,17264294624329	
1431535051,519196	7	81,2316460609436	
1431535054,925391	8	83,58278107643127	
1431535055,877445	4	0,5360300540924072	
1431535057,134517	7	83,5917809009552	
1431535057,484537	8	84,57983684539795	
1431535058,485595	8	84,118812084198	
1431535060,992738	4	1,8741071224212646	
1431535061,393761	7	85,14686989784241	
1431535062,293812	5	84,39882707595825	
1431535062,59383	2	0,8330481052398682	
1431535068,71318	8	85,31288003921509	
1431535075,395562	1	0,034001827239990234	
1431535075,996596	5	86,3609390258789	
1431535076,299613	8	86,69495797157288	
1431535078,806757	1	0,03000187873840332	
1431535080,057828	1	0,0260009765625	
1431535083,76504	3	0,6280348300933838	
1431535085,666149	2	0,27301478385925293	
1431535087,170235	8	88,37805485725403	
1431535089,283356	9	88,25104784965515	
1431535090,185408	8	88,18404412269592	
1431535092,593545	9	88,95508790016174	
1431535092,896563	4	0,7640440464019775	
1431535094,400649	9	90,00914812088013	
1431535094,701666	2	0,6110351085662842	
1431535096,508769	7	90,50117611885071	
1431535100,111975	2	0,3110170364379883	
1431535100,412993	5	92,3512830734253	
1431535100,71301	3	0,44902610778808594	
1431535104,128205	2	1,319075107574463	
1431535107,487397	3	0,34902000427246094	
1431535108,091432	2	0,3280191421508789	
1431535110,996598	6	0,7010400295257568	
1431535113,150721	2	0,8790500164031982	
1431535115,714868	7	93,06832313537598	
1431535118,870048	5	93,82836604118347	
1431535120,073117	6	1,7490999698638916	
1431535121,991227	1	0,009001016616821289	
1431535122,544259	3	2,5351450443267822	
1431535125,997456	6	0,6490371227264404	
1431535126,603491	1	0,048002004623413086	
1431535127,156522	7	93,27933502197266	
1431535129,862677	9	94,63741302490234	
1431535132,067803	1	0,03200197219848633	
1431535133,470883	1	0,0260009765625	
1431535134,671952	8	94,27239203453064	
1431535136,37605	6	0,8600499629974365	
1431535137,282101	3	0,9570538997650146	
1431535138,182153	8	94,67941498756409	
1431535138,48217	8	94,17638611793518	
1431535140,437282	5	95,08843898773193	
1431535142,990428	8	96,97454714775085	
1431535143,340448	3	0,7910449504852295	
1431535145,241557	3	0,33101892471313477	
1431535149,949826	9	96,75753402709961	
1431535150,450855	3	0,32301902770996094	
1431535152,054946	1	0,025001049041748047	
1431535154,90611	2	0,27301597595214844	
1431535157,71227	7	96,23350405693054	
1431535158,363307	9	96,75453400611877	
1431535158,964342	3	0,8240480422973633	
1431535159,315362	3	0,3720219135284424	
1431535160,617436	6	0,8100459575653076	
1431535165,781732	1	0,03300213813781738	
1431535166,031746	8	99,72570395469666	
1431535167,835849	5	100,66775798797607	
1431535173,294161	5	101,00477719306946	
1431535176,200327	7	101,68281483650208	
1431535178,385452	8	103,09689593315125	
1431535179,640524	9	101,92482995986938	
1431535182,296676	5	102,36385488510132	
1431535187,406968	2	0,3350191116333008	
1431535188,961057	8	102,99589085578918	
1431535189,311077	9	102,22084617614746	
1431535190,41214	6	0,6000339984893799	
1431535191,063178	6	0,6000349521636963	
1431535193,327307	2	0,7430419921875	
1431535193,628324	2	0,991055965423584	
1431535194,231359	2	1,290074110031128	
1431535194,531376	7	104,39697098731995	
1431535196,088465	8	105,35502600669861	
1431535197,289534	5	104,69998908042908	
1431535197,589551	7	103,7999370098114	
1431535198,894626	3	0,3520200252532959	
1431535199,247646	6	0,5970339775085449	
1431535200,951743	1	0,016000986099243164	
1431535201,401769	7	104,69798803329468	
1431535201,702786	6	0,8500480651855469	
1431535203,956915	8	105,76104879379272	
1431535205,96003	5	106,03806495666504	
1431535210,620296	2	0,3060169219970703	
1431535211,996375	2	0,30301713943481445	
1431535213,097438	1	0,04200291633605957	
1431535213,798478	8	106,51409196853638	
1431535216,209616	5	107,2161328792572	
1431535217,759705	5	106,15607213973999	
1431535219,866825	5	107,71216106414795	
1431535220,267848	6	1,797102928161621	
1431535220,569865	6	1,9981138706207275	
1431535221,1729	8	107,97517585754395	
1431535221,476917	7	107,57815313339233	
1431535222,731989	9	107,67715883255005	
1431535227,244247	8	108,18218803405762	
1431535227,596267	4	0,28601598739624023	
1431535229,646384	6	0,5990340709686279	
1431535232,754562	1	0,04600191116333008	
1431535233,956631	8	108,24519085884094	
1431535234,956688	2	0,5990338325500488	
1431535236,260763	6	0,5960338115692139	
1431535236,56278	7	108,311194896698	
1431535239,617955	3	0,6000349521636963	
1431535239,917972	8	110,63632798194885	
1431535240,618012	2	0,2980170249938965	
1431535241,069038	8	110,33131098747253	
1431535243,937202	3	0,3070180416107178	
1431535248,949488	2	0,7080399990081787	
1431535249,649529	7	109,46926188468933	
1431535250,249563	8	110,09929704666138	
1431535252,562695	5	110,02229309082031	
1431535257,776993	2	0,31401801109313965	
1431535258,078011	5	108,91322994232178	
1431535258,581039	9	109,08323884010315	
1431535260,099126	7	109,75027704238892	
1431535260,400143	7	109,89928483963013	
1431535263,962347	8	109,8812849521637	
1431535264,263364	3	0,7540428638458252	
1431535269,981691	8	113,58849596977234	
1431535270,583726	2	0,7590439319610596	
1431535271,785795	6	1,2100698947906494	
1431535272,390829	8	113,34248304367065	
1431535276,752079	4	0,2650151252746582	
1431535279,506236	5	115,2205901145935	
1431535284,242507	6	1,5280869007110596	
1431535284,892544	2	1,2910740375518799	
1431535286,146616	2	0,8920509815216064	
1431535288,201734	8	119,22081899642944	
1431535289,402802	5	119,84985494613647	
1431535291,307911	2	0,5960338115692139	
1431535291,607928	7	119,39182806015015	
1431535293,56404	3	0,3630199432373047	
1431535299,67939	2	0,6980400085449219	
1431535301,833513	8	123,4960629940033	
1431535302,434548	2	0,8000459671020508	
1431535305,046697	2	0,5570318698883057	
1431535305,647731	6	1,3020739555358887	
1431535306,898803	2	0,3080179691314697	
1431535307,349829	2	0,3070180416107178	
1431535309,161932	2	1,114063024520874	
1431535311,113044	6	2,0011141300201416	
1431535312,064098	7	125,35316896438599	
1431535313,268167	6	2,3521339893341064	
1431535316,489352	9	123,38605809211731	
1431535316,842372	2	0,38102197647094727	
1431535319,344515	8	124,63312911987305	
1431535321,054613	6	0,8060460090637207	
1431535325,307856	6	0,6000339984893799	
1431535327,010953	6	0,6480369567871094	
1431535331,915234	8	122,89902997016907	
1431535332,71928	9	122,92503094673157	
1431535333,027297	8	123,65907216072083	
1431535333,928349	6	0,7370419502258301	
1431535334,232366	2	0,37902116775512695	
1431535337,338544	8	123,59006881713867	
1431535339,342659	1	0,015001058578491211	
1431535339,843687	2	0,29401683807373047	
1431535340,145705	7	124,33011198043823	
1431535341,647791	4	0,2830169200897217	
1431535342,598845	3	0,5330309867858887	
1431535343,501897	8	125,54618096351624	
1431535348,315172	9	125,45017504692078	
1431535348,615189	3	0,7790451049804688	
1431535349,216223	9	125,79519510269165	
1431535351,066329	5	126,38422894477844	
1431535352,019384	7	126,77925181388855	
1431535352,620418	9	126,98826313018799	
1431535353,674478	3	0,31801795959472656	
1431535354,826544	2	0,6810390949249268	
1431535356,284628	1	0,017000913619995117	
1431535357,434693	3	0,2650151252746582	
1431535357,934722	3	0,31201791763305664	
1431535359,235796	1	0,003000020980834961	
1431535360,69088	7	127,53329515457153	
1431535364,109075	9	127,99532103538513	
1431535365,659164	9	128,53735184669495	
1431535367,16225	7	126,78625202178955	
1431535367,765284	5	126,76524996757507	
1431535369,235368	7	126,20321798324585	
1431535376,60479	7	127,40528702735901	
1431535378,161879	2	0,6030340194702148	
1431535379,987983	3	1,0000569820404053	
1431535383,239169	7	128,97337579727173	
1431535385,642307	8	130,56946802139282	
1431535386,893378	5	130,566468000412	
1431535390,356577	9	131,6835310459137	
1431535393,678767	9	132,07555484771729	
1431535395,882893	3	1,2460720539093018	
1431535396,53493	3	1,1440660953521729	
1431535396,835947	7	131,02549409866333	
1431535399,544102	6	0,6060349941253662	
1431535399,844119	2	0,5510311126708984	
1431535400,144136	1	0,04700183868408203	
1431535404,605391	2	0,4520249366760254	
1431535407,920581	5	132,92660284042358	
1431535408,170595	1	0,030000925064086914	
1431535409,973699	2	0,4070241451263428	
1431535411,546789	2	0,6050348281860352	
1431535414,046932	8	131,8275408744812	
1431535414,346949	7	131,58652710914612	
1431535414,596963	1	0,016000986099243164	
1431535416,102049	3	0,41202402114868164	
1431535417,86115	4	0,939054012298584	
1431535418,464184	3	1,0170581340789795	
1431535418,765201	7	133,3986301422119	
1431535419,415239	6	0,8030459880828857	
1431535419,715256	5	133,50463604927063	
1431535420,366293	9	133,2536220550537	
1431535421,569362	9	133,95566201210022	
1431535422,019388	2	0,3020179271697998	
1431535422,325405	7	133,10461282730103	
1431535423,225456	7	133,85365509986877	
1431535423,625479	1	0,05100297927856445	
1431535424,227514	2	1,1530659198760986	
1431535426,389637	4	0,5010280609130859	
1431535427,892723	7	135,71476197242737	
1431535428,993786	2	0,6000339984893799	
1431535429,343806	5	136,10978507995605	
1431535430,193855	1	0,025001049041748047	
1431535430,997901	9	136,51380801200867	
1431535437,255259	5	137,19984698295593	
1431535441,733515	3	0,32501792907714844	
1431535442,983587	9	139,32696890830994	
1431535444,538676	9	139,12895798683167	
1431535445,14071	9	139,67898893356323	
1431535446,643796	8	140,69504690170288	
1431535448,498902	9	140,51903700828552	
1431535450,402011	7	140,57304000854492	
1431535451,053048	1	0,0260009765625	
1431535456,816378	3	1,6050920486450195	
1431535457,116395	7	141,92111706733704	
1431535457,766432	2	0,8590490818023682	
1431535460,728602	8	141,78111004829407	
1431535461,029619	4	0,40502285957336426	
1431535461,22963	1	0,042001962661743164	
1431535462,130682	3	0,5980339050292969	
1431535462,730716	7	141,82211208343506	
1431535463,132739	4	0,844048023223877	
1431535464,035791	7	142,27313780784607	
1431535466,087908	1	0,028002023696899414	
1431535467,040963	6	0,8530490398406982	
1431535467,942014	5	142,42714595794678	
1431535469,196086	7	142,21113395690918	
1431535472,360267	2	1,902108907699585	
1431535474,880411	7	144,9242889881134	
1431535475,231431	3	2,155122995376587	
1431535476,78752	9	144,25525093078613	
1431535477,088537	6	2,1821250915527344	
1431535477,752575	5	144,7492790222168	
1431535478,35261	2	2,4211390018463135	
1431535479,855696	4	2,700155019760132	
1431535480,255718	1	0,015000104904174805	
1431535480,556736	3	2,4091379642486572	
1431535482,119825	2	3,012171983718872	
1431535482,720859	6	3,4321961402893066	
1431535485,296007	7	147,72044897079468	
1431535488,903213	2	0,5850329399108887	
1431535489,357239	5	147,15641689300537	
1431535489,658256	2	0,5380311012268066	
1431535490,259291	6	1,1290650367736816	
1431535492,312408	8	147,45143389701843	
1431535492,662428	3	0,3210179805755615	
1431535492,963445	8	147,89945888519287	
1431535493,263462	3	0,7690441608428955	
1431535495,218574	6	1,2700719833374023	
1431535498,624769	5	149,0425250530243	
1431535502,351982	7	150,0425820350647	
1431535503,756063	4	0,467026948928833	
1431535505,507163	4	0,3500199317932129	
1431535506,008191	7	150,99363613128662	
1431535509,065366	6	1,0560600757598877	
1431535510,168429	1	0,014000892639160156	
1431535511,520507	3	0,2760159969329834	
1431535515,577739	6	0,8470489978790283	
1431535516,380785	7	150,89663100242615	
1431535519,341954	6	0,5550320148468018	
1431535519,691974	8	151,4286608695984	
1431535519,741977	1	0,049002885818481445	
1431535520,295009	2	0,3110170364379883	
1431535520,898043	9	151,9146888256073	
1431535521,749092	3	0,3720221519470215	
1431535521,849097	1	0,04600191116333008	
1431535527,076396	6	1,2620720863342285	
1431535527,377414	8	155,18987703323364	
1431535528,8795	9	154,631844997406	
1431535529,479534	9	155,12887287139893	
1431535530,883614	2	0,5670320987701416	
1431535532,436703	3	0,5250298976898193	
1431535533,43776	7	155,80391120910645	
1431535534,340812	7	155,85391402244568	
1431535535,742892	8	157,12998700141907	
1431535538,645058	3	0,8070459365844727	
1431535538,945075	6	1,090062141418457	
1431535539,446104	8	157,30199694633484	
1431535543,507336	5	158,67807579040527	
1431535544,058368	9	158,89408802986145	
1431535544,608399	3	0,30101680755615234	
1431535545,209434	2	0,5570321083068848	
1431535546,564511	2	0,5000290870666504	
1431535547,188547	8	159,77913880348206	
1431535550,601742	3	0,4590260982513428	
1431535552,554854	9	159,51112389564514	
1431535553,860928	8	160,3441710472107	
1431535554,76798	2	1,4210810661315918	
1431535556,588084	6	2,6821529865264893	
1431535556,889102	7	161,46123504638672	
1431535558,190176	5	160,46417808532715	
1431535559,094228	9	160,74319410324097	
1431535560,146288	3	0,7460429668426514	
1431535560,752323	9	158,74207997322083	
1431535561,05434	7	158,20404887199402	
1431535564,068512	2	0,842047929763794	
1431535564,668547	2	1,1410658359527588	
1431535565,269581	8	160,9752070903778	
1431535565,970621	7	161,01520919799805	
1431535571,031911	6	0,586033821105957	
1431535573,347043	8	161,83725714683533	
1431535573,948077	9	161,7952539920807	
1431535575,253152	6	1,0490598678588867	
1431535575,907189	1	0,009999990463256836	
1431535578,262324	2	0,2630150318145752	
1431535578,913361	5	163,03232502937317	
1431535585,829757	5	166,58052802085876	
1431535586,130774	4	1,702096939086914	
1431535587,030826	6	2,5501461029052734	
1431535587,98188	2	2,3631348609924316	
1431535588,281897	8	167,74459409713745	
1431535589,799984	8	167,01055192947388	
1431535590,401018	5	166,88054490089417	
1431535590,703036	9	166,7625389099121	
1431535591,30707	2	1,6090919971466064	
1431535594,212236	2	1,809103012084961	
1431535595,830329	1	0,019001007080078125	
1431535597,0814	5	168,6396448612213	
1431535600,796613	7	165,9964940547943	
1431535601,397647	3	0,5110290050506592	
1431535602,047685	3	0,5580317974090576	
1431535603,597773	5	166,40051698684692	
1431535603,949793	2	0,43602514266967773	
1431535604,399819	6	0,5590319633483887	
1431535607,304985	1	0,025001049041748047	
1431535608,25604	7	168,19562101364136	
1431535610,412163	1	0,017000913619995117	
1431535610,812186	2	0,27901601791381836	
1431535612,917306	2	0,274014949798584	
1431535613,419335	9	168,95766377449036	
1431535616,47251	9	168,8536581993103	
1431535618,832645	5	170,2397379875183	
1431535620,285728	2	0,3320190906524658	
1431535620,887762	6	0,7560429573059082	
1431535622,440851	6	1,354076862335205	
1431535626,408078	7	171,61581587791443	
1431535626,909107	9	171,65981888771057	
1431535628,159178	1	0,02300095558166504	
1431535628,511198	9	172,05984115600586	
1431535629,41125	6	1,1220650672912598	
1431535629,711267	5	173,08689999580383	
1431535633,221468	7	173,51192498207092	
1431535634,888563	6	0,6280360221862793	
1431535639,750841	6	0,5740327835083008	
1431535640,050858	8	173,14290308952332	
1431535640,451881	5	172,3238558769226	
1431535641,352933	9	172,612872838974	
1431535642,911022	7	172,7208788394928	
1431535649,418394	5	175,61904501914978	
1431535649,918423	3	0,2910170555114746	
1431535650,22044	3	0,39002180099487305	
1431535651,133492	3	0,6440370082855225	
1431535653,299616	6	0,9930570125579834	
1431535654,299673	2	0,28801608085632324	
1431535658,014886	5	177,68716287612915	
1431535659,48897	3	0,48802804946899414	
1431535659,789987	7	177,69116306304932	
1431535660,991056	1	0,029001951217651367	
1431535662,042116	3	0,48102688789367676	
1431535662,942168	7	178,59021496772766	
1431535664,193239	7	178,98923802375793	
1431535664,494256	3	0,5300300121307373	
1431535664,794273	7	179,03723978996277	
1431535665,446311	3	1,0260589122772217	
1431535665,796331	8	180,1023018360138	
1431535668,348477	7	178,78822588920593	
1431535669,558546	3	0,8240470886230469	
1431535672,417709	9	178,40020322799683	
1431535673,018744	8	178,81222796440125	
1431535674,319818	9	178,20119190216064	
1431535676,895966	4	0,3150179386138916	
1431535678,404052	8	179,7872829437256	
1431535678,957084	1	0,04000282287597656	
1431535681,758244	3	0,3300189971923828	
1431535684,860421	7	180,46632194519043	
1431535685,510458	6	1,010056972503662	
1431535685,811476	7	181,21536493301392	
1431535688,113607	2	0,8500478267669678	
1431535692,143838	4	0,4280250072479248	
1431535694,194955	6	0,6120350360870361	
1431535694,494972	2	0,45102596282958984	
1431535699,789275	5	184,84857296943665	
1431535703,091464	6	0,5470309257507324	
1431535709,803848	7	183,50949597358704	
1431535710,409883	3	0,6450369358062744	
1431535713,16304	9	185,11458802223206	
1431535715,532175	9	185,08258605003357	
1431535717,790305	7	185,46460795402527	
1431535719,543405	1	0,03300213813781738	
1431535720,293448	9	186,03264093399048	
1431535720,593465	2	0,4520261287689209	
1431535722,548577	3	0,5470311641693115	
1431535724,098665	1	0,02300095558166504	
1431535726,002774	2	0,2980170249938965	
1431535727,402854	7	186,40766096115112	
1431535731,459086	6	0,718040943145752	
1431535731,759104	9	188,35777401924133	
1431535733,364195	2	0,746042013168335	
1431535733,665213	9	189,40983414649963	
1431535734,31525	5	188,99780988693237	
1431535734,66627	2	0,694040060043335	
1431535735,266304	5	189,38883209228516	
1431535736,220359	7	190,3118851184845	
1431535736,9364	7	190,47689485549927	
1431535739,089523	8	190,8749179840088	
1431535740,190586	6	0,5760331153869629	
1431535741,090637	8	192,32200002670288	
1431535745,85291	7	192,33000111579895	
1431535749,01209	2	0,6980390548706055	
1431535751,566237	2	0,42102503776550293	
1431535752,619297	5	194,18110704421997	
1431535754,07038	1	0,04500293731689453	
1431535754,521406	1	0,04000282287597656	
1431535759,391684	2	0,3260190486907959	
1431535759,997719	8	194,79914212226868	
1431535762,702873	2	0,8230469226837158	
1431535763,605925	2	0,82004714012146	
1431535764,257962	9	195,57118606567383	
1431535764,859997	2	1,2710731029510498	
1431535767,01512	3	2,1261210441589355	
1431535767,619155	8	198,45635104179382	
1431535768,222189	2	2,1241209506988525	
1431535768,522206	4	2,3421339988708496	
1431535772,234419	2	4,132237195968628	
1431535773,13747	8	200,50546789169312	
1431535775,042579	9	199,69342184066772	
1431535776,043637	9	200,09344506263733	
1431535776,694674	6	5,0412890911102295	
1431535777,647728	9	198,53935599327087	
1431535779,489834	5	198,97238111495972	
1431535780,446888	5	198,11733102798462	
1431535780,750906	7	198,20833706855774	
1431535781,101926	3	4,221242189407349	
1431535783,908086	8	196,8532590866089	
1431535785,208161	5	196,59924507141113	
1431535787,109269	8	194,7431378364563	
1431535787,709304	6	3,3001890182495117	
1431535788,060324	2	3,089176893234253	
1431535788,410344	8	194,79014086723328	
1431535789,161387	7	193,38806104660034	
1431535793,117613	3	0,3170180320739746	
1431535793,818653	5	194,42512011528015	
1431535794,938717	1	0,03300189971923828	
1431535796,889829	2	0,29001688957214355	
1431535797,189846	8	193,84408712387085	
1431535797,540866	2	0,33801889419555664	
1431535801,946118	2	0,7340421676635742	
1431535803,19819	3	1,0100579261779785	
1431535803,248193	1	0,008001089096069336	
1431535804,748278	2	1,0130579471588135	
1431535805,048296	9	194,20410799980164	
1431535806,052353	1	0,049002885818481445	
1431535807,703447	1	0,04500222206115723	
1431535809,710562	6	0,7470428943634033	
1431535810,010579	9	193,3050560951233	
1431535810,310596	2	0,9060509204864502	
1431535812,160702	8	192,27399706840515	
1431535812,763737	2	0,34701991081237793	
1431535814,04681	2	1,1240639686584473	
1431535814,948862	2	1,7090981006622314	
1431535816,14893	2	1,70609712600708	
1431535816,748965	5	194,28211307525635	
1431535818,750079	2	0,30501699447631836	
1431535820,401174	5	193,91509199142456	
1431535820,705191	5	194,06609988212585	
1431535824,517409	8	195,76819705963135	
1431535826,740536	9	194,2961130142212	
1431535827,340571	7	194,6761348247528	
1431535829,697705	1	0,03500199317932129	
1431535831,798826	9	195,4451789855957	
1431535832,098843	3	0,29701709747314453	
1431535834,050954	5	195,54218411445618	
1431535836,003066	2	0,6540369987487793	
1431535836,355086	2	0,30101680755615234	
1431535837,857172	8	196,22622299194336	
1431535838,157189	3	0,37902092933654785	
1431535838,911232	7	196,2572250366211	
1431535840,413318	8	197,22527980804443	
1431535841,023353	3	0,5350301265716553	
1431535841,534382	6	0,5750329494476318	
1431535843,184477	1	0,007001161575317383	
1431535843,735508	7	197,67130589485168	
1431535844,737566	3	0,3930230140686035	
1431535846,846686	2	0,4280238151550293	
1431535848,147761	2	0,322019100189209	
1431535848,998809	6	0,6250350475311279	
1431535851,401947	9	197,99732494354248	
1431535852,353001	3	0,6420371532440186	
1431535853,003038	5	198,10833096504211	
1431535857,363288	3	0,5300309658050537	
1431535858,668362	8	198,10733079910278	
1431535859,620417	9	197,8813180923462	
1431535860,222451	6	0,9130520820617676	
1431535860,825486	2	0,6990399360656738	
1431535861,225509	3	0,8330478668212891	
1431535866,436807	2	0,5050289630889893	
1431535869,846002	7	200,2804560661316	
1431535870,649048	3	0,3320190906524658	
1431535871,600102	3	0,6780388355255127	
1431535871,901119	7	200,87348890304565	
1431535872,252139	3	0,4260241985321045	
1431535874,561271	9	201,68753504753113	
1431535875,211309	3	0,5210299491882324	
1431535877,368432	2	0,2800159454345703	
1431535877,768455	5	201,86054611206055	
1431535878,718509	9	201,5185260772705	
1431535882,627733	2	0,3760221004486084	
1431535886,889977	9	202,6235899925232	
1431535887,541014	5	201,95055103302002	
1431535889,951152	7	202,43757915496826	
1431535890,251169	2	1,528087854385376	
1431535891,757255	7	203,03561305999756	
1431535892,963324	6	1,4670841693878174	
1431535896,670536	2	1,0800621509552002	
1431535896,971553	9	203,61864590644836	
1431535897,27157	7	203,57564306259155	
1431535897,632591	3	1,059061050415039	
1431535898,235626	6	1,3130760192871094	
1431535898,83866	3	1,1590659618377686	
1431535900,144735	2	1,1520659923553467	
1431535900,195738	1	0,015001058578491211	
1431535901,947838	7	203,19062209129333	
1431535902,298858	5	202,9626088142395	
1431535906,301087	9	203,2586259841919	
1431535906,851118	2	0,2930161952972412	
1431535908,757227	9	203,1596200466156	
1431535909,609276	9	202,90760612487793	
1431535909,710282	1	0,030002117156982422	
1431535911,711396	6	0,59403395652771	
1431535912,065417	8	204,10267400741577	
1431535914,997584	3	0,5510311126708984	
1431535916,907694	2	0,7070410251617432	
1431535917,808745	9	205,79677081108093	
1431535918,109762	3	0,9500539302825928	
1431535918,409779	2	0,8540480136871338	
1431535918,813803	6	0,6070349216461182	
1431535919,721854	3	0,5020279884338379	
1431535921,526958	8	207,1438479423523	
1431535922,177995	9	207,14684796333313	
1431535927,15728	8	206,51281189918518	
1431535929,009386	7	206,258798122406	
1431535931,462526	9	206,3148009777069	
1431535932,768601	2	0,2850170135498047	
1431535933,069618	4	0,40702295303344727	
1431535933,670652	5	205,9257779121399	
1431535934,873721	3	0,6080348491668701	
1431535935,223741	3	0,35702013969421387	
1431535939,091962	2	0,5360300540924072	
1431535942,802175	6	0,8480491638183594	
1431535944,357264	9	206,41980695724487	
1431535949,236543	8	207,34186005592346	
1431535950,489614	6	0,6580369472503662	
1431535952,492729	1	0,049002885818481445	
1431535954,648852	6	0,9570550918579102	
1431535955,899924	6	0,5550320148468018	
1431535956,802975	8	208,03689885139465	
1431535958,709084	7	207,92289209365845	
1431535960,009159	2	0,570033073425293	
1431535960,310176	6	0,9080519676208496	
1431535961,313233	7	208,61593198776245	
1431535961,614251	4	0,5430309772491455	
1431535962,265288	2	0,27501606941223145	
1431535964,621423	7	209,31797289848328	
1431535966,533532	7	209,37797594070435	
1431535969,589707	8	210,19002199172974	
1431535971,491816	6	0,6070351600646973	
1431535973,596936	9	209,99801087379456	
1431535975,455042	9	210,8500599861145	
1431535978,006188	3	0,2930169105529785	
1431535981,859409	7	210,60604619979858	
1431535983,360494	1	0,016000986099243164	
1431535984,062535	2	0,46602702140808105	
1431535984,812577	2	0,31001710891723633	
1431535985,262603	2	0,30701708793640137	
1431535985,663626	9	210,78205585479736	
1431535986,466672	2	0,31001806259155273	
1431535988,119767	9	211,083074092865	
1431535990,742917	2	0,5790331363677979	
1431535992,747031	5	212,63516187667847	
1431535997,056278	8	214,2472550868988	
1431536000,41547	7	214,88329100608826	
1431536000,466473	1	0,010000944137573242	
1431536001,667541	9	215,18430709838867	
1431536003,468645	7	215,78134202957153	
1431536005,423756	8	215,3983199596405	
1431536005,724774	6	0,6490378379821777	
1431536006,324808	9	215,77534198760986	
1431536007,9309	6	0,8520491123199463	
1431536011,584109	9	215,86634707450867	
1431536012,48716	2	0,9580540657043457	
1431536014,140255	4	1,190068006515503	
1431536016,896413	6	0,6450371742248535	
1431536019,755576	3	0,6670379638671875	
1431536020,907642	6	0,5970339775085449	
1431536021,508676	2	0,7080399990081787	
1431536022,208716	6	0,6450369358062744	
1431536024,01382	1	0,037001848220825195	
1431536024,613854	3	0,40702295303344727	
1431536026,506962	6	1,310075044631958	
1431536027,407014	9	214,70528078079224	
1431536028,011048	8	215,56833004951477	
1431536028,664086	9	214,77028512954712	
1431536031,36924	2	1,6550941467285156	
1431536032,07028	7	213,92423510551453	
1431536033,28335	7	214,43026494979858	
1431536033,589367	2	1,2240698337554932	
1431536035,449474	2	1,7170991897583008	
1431536035,752491	3	1,8551061153411865	
1431536037,959617	5	215,18530797958374	
1431536041,425816	3	0,8570489883422852	
1431536043,278922	9	217,19342303276062	
1431536043,582939	2	0,5750329494476318	
1431536044,48299	3	0,9520540237426758	
1431536044,836011	9	218,09747505187988	
1431536045,836068	9	218,0934739112854	
1431536046,639114	9	217,7434539794922	
1431536047,539165	3	0,6030340194702148	
1431536047,939188	9	217,9404649734497	
1431536048,389214	2	0,27301597595214844	
1431536048,689231	5	218,42949295043945	
1431536050,400329	6	0,7560431957244873	
1431536051,351383	5	219,12953305244446	
1431536051,702403	3	0,7540431022644043	
1431536052,502449	1	0,009000062942504883	
1431536055,965647	7	218,10747504234314	
1431536056,417673	1	0,006000041961669922	
1431536058,424788	5	216,5513858795166	
1431536060,832926	1	0,003000974655151367	
1431536061,734977	3	0,3560199737548828	
1431536063,789095	7	215,90934991836548	
1431536066,844269	6	0,6570370197296143	
1431536068,046338	8	215,99335408210754	
1431536070,551481	5	215,46932411193848	
1431536070,851499	5	215,614333152771	
1431536071,75355	9	215,70033717155457	
1431536073,907673	8	216,29637098312378	
1431536075,057739	7	216,36437511444092	
1431536075,358756	9	216,6423909664154	
1431536082,432161	5	216,93740820884705	
1431536083,783238	3	0,32901883125305176	
1431536084,085256	9	217,04341387748718	
1431536084,545282	9	216,90140581130981	
1431536085,146316	6	0,6390359401702881	
1431536085,946362	7	216,38537693023682	
1431536087,446448	8	216,3463749885559	
1431536087,946476	3	0,3340189456939697	
1431536089,647574	3	0,31401801109313965	
1431536089,948591	7	216,12736201286316	
1431536095,211892	8	218,37149000167847	
1431536095,662918	1	0,02900218963623047	
1431536104,689434	9	218,71450996398926	
1431536107,496595	6	0,5970349311828613	
1431536108,348643	5	219,8055717945099	
1431536108,548655	1	0,013000965118408203	
1431536109,799726	6	0,5470309257507324	
1431536111,653832	7	218,9465229511261	
1431536113,158918	6	0,59403395652771	
1431536115,669062	3	0,43602490425109863	
1431536116,269096	7	219,00752592086792	
1431536118,929248	2	0,4870271682739258	
1431536120,52934	9	219,37954807281494	
1431536122,584458	7	218,95452404022217	
1431536123,888532	1	0,02100086212158203	
1431536124,139546	7	219,85457396507263	
1431536125,644633	6	0,9930570125579834	
1431536127,049713	2	0,367020845413208	
1431536128,654805	6	1,1460659503936768	
1431536129,105831	7	221,3066577911377	
1431536132,520026	9	222,347718000412	
1431536134,425135	2	1,2270698547363281	
1431536136,576258	9	221,78468585014343	
1431536136,878275	3	0,5070288181304932	
1431536137,179292	8	222,52672815322876	
1431536139,088402	3	0,6580381393432617	
1431536140,29047	9	222,6917369365692	
1431536141,543542	9	223,53878593444824	
1431536142,748611	6	2,0581178665161133	
1431536143,652663	8	225,28988599777222	
1431536146,112803	2	3,6462080478668213	
1431536147,014855	8	227,1919949054718	
1431536147,716895	2	3,699212074279785	
1431536150,482053	9	224,87186193466187	
1431536151,732125	2	1,6920969486236572	
1431536153,939251	1	0,003999948501586914	
1431536154,239268	6	2,721156120300293	
1431536154,990311	3	2,163123846054077	
1431536156,5414	8	223,67279386520386	
1431536158,148492	5	223,1627640724182	
1431536159,199552	2	0,3320190906524658	
1431536159,500569	5	223,65779209136963	
1431536162,762756	3	0,7660441398620605	
1431536163,063773	9	224,96386694908142	
1431536163,413793	4	0,9560551643371582	
1431536167,74304	6	0,5830330848693848	
1431536168,744098	6	1,0320589542388916	
1431536171,453253	2	1,5620899200439453	
1431536172,058287	3	1,780102014541626	
1431536172,661322	4	1,923110008239746	
1431536173,613376	2	2,1191208362579346	
1431536173,914393	2	2,166124105453491	
1431536174,515428	3	2,627150058746338	
1431536174,815445	9	228,98609685897827	
1431536175,469482	8	229,08810305595398	
1431536176,422537	9	229,0391001701355	
1431536177,779615	2	2,86216402053833	
1431536178,129635	2	2,7091550827026367	
1431536178,480655	6	3,085176944732666	
1431536178,780672	4	2,4351391792297363	
1431536179,681723	8	229,73814010620117	
1431536180,281758	6	3,3841941356658936	
1431536180,935795	6	3,9872281551361084	
1431536184,548002	2	1,2560720443725586	
1431536185,200039	7	228,59207487106323	
1431536186,756128	8	227,58801698684692	
1431536188,306217	3	1,2090699672698975	
1431536189,007257	9	227,19899487495422	
1431536190,310331	8	227,08598804473877	
1431536190,912366	8	226,6819658279419	
1431536193,223498	6	0,8570489883422852	
1431536194,424567	2	0,7080409526824951	
1431536194,725584	9	224,74785494804382	
1431536195,329618	3	0,4150230884552002	
1431536196,58169	9	225,24488306045532	
1431536197,183724	6	1,0610599517822266	
1431536197,834762	8	226,13693499565125	
1431536198,144779	2	0,3020169734954834	
1431536199,948883	6	0,8630499839782715	
1431536201,601977	8	225,64090609550476	
1431536203,855106	7	225,6119041442871	
1431536204,509143	8	226,39194893836975	
1431536206,312246	3	0,30301713943481445	
1431536206,862278	9	226,55695796012878	
1431536207,762329	7	226,61696100234985	
1431536208,933396	1	0,0370020866394043	
1431536209,686439	3	0,4020230770111084	
1431536209,987457	2	0,6790390014648438	
1431536211,946569	4	0,3320188522338867	
1431536216,501829	9	226,20993781089783	
1431536217,55589	7	226,11093306541443	
1431536218,908967	5	226,1039319038391	
1431536220,01203	8	226,55095791816711	
1431536224,270274	3	0,30301785469055176	
1431536225,174325	5	225,98192501068115	
1431536225,475343	2	0,4710268974304199	
1431536226,12838	2	0,5210299491882324	
1431536226,728414	1	0,006999969482421875	
1431536228,529517	7	227,1139898300171	
1431536228,829534	5	227,3740050792694	
1431536229,130552	3	0,45702695846557617	
1431536229,781589	9	227,66602206230164	
1431536231,744701	3	0,718040943145752	
1431536232,298733	8	229,37211894989014	
1431536232,999773	6	1,088062047958374	
1431536233,954828	8	230,12216305732727	
1431536236,766988	7	231,94026613235474	
1431536238,37108	1	0,042001962661743164	
1431536238,621094	6	1,4440820217132568	
1431536238,922112	6	1,6440939903259277	
1431536239,877166	6	2,545145034790039	
1431536242,050291	9	233,4663541316986	
1431536242,700328	8	232,15927910804749	
1431536243,353365	5	231,59424591064453	
1431536245,656497	3	0,28801703453063965	
1431536248,930684	5	232,50429797172546	
1431536250,586779	6	0,5510320663452148	
1431536255,246045	8	235,6194760799408	
1431536255,547063	3	1,1970691680908203	
1431536255,900083	2	0,7960457801818848	
1431536257,150154	1	0,028001070022583008	
